x = 3>2
x = 2>3
x = -4 <= -3
x = 2 ~= 2
x = 3 == 3
x = 0 < 0.5 < 1