a=10
t=20
v=0.5*a*(t^2)